272367623
272367667
272367727
272367785
272367825
272367885
272367932
272367974
272368017
272368095
272368187
272368234
272368259
272368335
272368371
272368411
272368455
272368553
272368598
272368684
272368738
272368815
272368879
272368922
272369002
272369096
272369190
272369279
272369326
272369388
272369420
272369483
272369528
272369558
272369630
272369691
272369726
272369770
272369823
272369828
272369857
272369902
272369920
272369978
272370013
272370034
272370066
272370100
272370152
272370192
272370238
272370264
272370300
272370325
272370359
272370385
272370419
272370463
272370492
272370515
272370551
272370604
272370629
272370681
272370712
272370745
272370771
272370805
272370837
272370881
272370939
272370958
272370981
272371032
272371058
272371078
272371134
272371158
272371225
272371255
272371310
272371353
272371383
272371426
272371484
272371529
272371558
272371588
272371639
272371685
272371738
272371770
272371802
272371835
272371867
272371872
272371909
272371965
272371998
272372027
272372036
272372091
272372101
272372133
272372191
272372223
272372230
272372258
272372289
272372324
272372357
272372389
272372416
272372452
272372487
272372537
272372569
272372580
272372635
272372642
272372674
272372704
272372754
272372785
272372831
272372856
272372872
272372884
272372931
272372960
272373033
272373045
272373098
272373148
272373169
272373204
272373238
272373291
272373313
272373370
272373401
272373408
272373417
272373429
272373442
272373458
272373458
272373458
272373458
272373475
272373491
272373491
272373516
272373531
272373522
272373545
272373555
272373595
272373622
272373642
272373663
272373676
272373684
272373717
272373725
272373803
272373847
272373947
272373996
272374064
272374141
272374222
272374263
272374333
272374389
272374462
272374526
272374540
272374580
272374652
272374678
272374750
272374840
272374880
272374939
272374989
272375027
272375059
272375132
272375196
272375223
272375260
272375296
272375353
272375367
272375418
272375438
272375459
272375495
272375547
272375572
272375604
272375639
272375707
272375717
272375775
272375794
272375831
272375891
272375939
272376009
272376059
272376105
272376153
272376205
272376242
272376315
272376339
272376390
272376457
272376511
272376556
272376618
272376645
272376706
272376759
272376825
272376873
272376927
272376970
272377021
272377060
272377118
272377154
272377260
272377303
272377375
272377410
272377469
272377505
272377579
272377627
272377655
272377727
272377729
272377778
272377827
272377873
272377932
272377983
272377986
272378037
272378087
272378129
272378201
272378277
272378350
272378369
272378440
272378481
272378539
272378584
272378685
272378722
272378764
272378805
272378867
272378901
272378975
272379023
272379058
272379111
272379153
272379227
272379305
272379348
272379427
272379501
272379530
272379557
272379623
272379652
272379714
272379776
272379840
272379939
272379992
272380021
272380076
272380121
272380150
272380203
272380230
272380273
272380306
272380365
272380408
272380443
272380469
272380519
272380557
272380607
272380649
272380705
272380755
272380817
272380865
272380913
272380929
272380977
272381025
272381093
272381137
272381227
272381274
272381303
272381335
272381379
272381436
272381445
272381492
272381537
272381572
272381621
272381666
272381709
272381752
272381780
272381826
272381880
272381910
272381959
272382009
272382057
272382108
272382153
272382188
272382213
272382261
272382309
272382364
272382384
272382446
272382504
272382534
272382584
272382599
272382650
272382686
272382706
272382724
272382770
272382829
272382860
272382909
272382932
272382983
272383036
272383063
272383119
272383142
272383184
272383234
272383292
272383312
272383375
272383418
272383440
272383535
272383578
272383661
272383707
272383729
272383779
272383833
272383863
272383906
272383967
272383989
272384052
272384116
272384180
272384244
272384308
272384372
272384436
272384500
272384564
272384628
272384692
272384756
272384820
272384884
272384948
272385012
272385041
272385076
272385140
272385179
272385214
272385233
272385265
272385313
272385376
272385442
272385504
272385577
272385624
272385653
272385676
272385716
272385787
272385805
272385861
272385973
272386068
272386134
272386216
272386282
272386348
272386414
272386464
272386530
272386596
272386662
272386744
272386810
272386876
272386942
272386992
272387058
272387124
272387190
272387252
272387316
272387380
272387444
272387508
272387572
272387636
272387700
272387764
272387828
272387892
272387956
272388020
272388084
272388138
272388189
272388238
272388279
272388346
272388368
272388442
272388493
272388516
272388589
272388643
272388700
272388776
272388805
272388855
272388904
272388935
272388979
272389005
272389031
272389082
272389110
272389163
272389215
272389251
272389302
272389371
272389396
272389468
272389540
272389614
272389650
272389698
272389750
272389804
272389866
272389898
272389937
272390010
272390059
272390087
272390181
272390269
272390293
272390381
272390405
272390493
272390605
272390677
272390746
272390773
272390786
272390992
272390951
272391159
272390838
272390907
272391108
272391081
272391295
272391246
272391186
272391393
272391345
272391298
272391504
272391456
272391665
272391619
272391570
272391788
272391743
272391691
272391810
272391847
272391876
272391963
272391991
272392041
272392066
272392126
272392151
272392254
272392312
272392370
272392444
272392448
272392520
272392560
272392592
272392664
272392808
272392761
272392715
272392902
272392854
272392969
272392993
272393031
272393081
272393103
272393121
272393170
272393217
272393279
272393299
272393347
272393405
272393448
272393476
272393532
272393554
272393629
272393650
272393708
272393768
272393792
272393830
272393890
272393946
272393974
272393985
272394020
272394067
272394096
272394140
272394165
272394196
272394296
272394362
272394428
272394494
272394544
272394610
272394634
272394676
272394742
272394766
272394824
272394882
272394956
272395014
272395072
272395162
272395204
272395294
272395352
272395410
272395484
272395542
272395600
272395690
272395732
272395822
272395880
272395938
272396012
272396070
272396128
272396218
272396260
272396336
272396412
272396468
272396532
272396596
272396660
272396724
272396788
272396852
272396916
272396980
272397044
272397108
272397172
272397236
272397300
272397364
272397428
272397448
272397514
272397556
272397580
272397646
272397696
272397762
272397828
272397894
272397976
272398042
272398108
272398174
272398224
272398290
272398353
272398390
272398438
272398504
272398534
272398586
272398625
272398660
272398711
272398748
272398784
272398836
272398884
272398952
272399000
272399052
272399088
272399136
272399188
272399236
272399304
272399356
272399404
272399440
272399496
272399540
272399608
272399616
272399692
272399768
272399812
272399888
272399964
272400040
272400084
272400160
272400236
272400312
272400356
272400462
272400630
272400607
272400545
272400756
272400732
272400677
272400655
272400850
272400826
272400771
272400981
272400952
272400896
272401129
272401075
272401030
272401182
272401227
272401262
272401306
272401335
272401385
272401435
272401457
272401494
272401560
272401590
272401644
272401692
272401758
272401808
272401874
272401940
272402006
272402088
272402154
272402220
272402286
272402336
272402402
272402463
272402484
272402540
272402591
272402637
272402683
272402731
272402766
272402788
272402840
272402869
272402916
272402970
272403152
272403119
272403303
272402998
272403043
272403260
272403210
272403393
272403353
272403542
272403500
272403707
272403635
272403592
272403805
272403747
272403954
272403854
272403910
272404022
272404134
272404222
272404246
272404334
272404358
272404446
272404538
272404580
272404670
272404728
272404786
272404860
272404918
272404976
272405000
272405066
272405108
272405132
272405198
272405248
272405314
272405380
272405446
272405528
272405594
272405660
272405726
272405776
272405842
272405908
272405974
272406056
272406122
272406188
272406254
272406304
272406370
272406436
272406502
272406564
272406630
272406712
272406778
272406844
272406910
272406960
272407026
272407050
272407092
272407158
272407182
272407240
272407298
272407372
272407430
272407488
272407578
272407620
272407710
272407768
272407826
272407900
272407958
272408016
272408106
272408148
272408238
272408296
272408354
272408428
272408486
272408544
272408604
272408646
272408736
272408810
272408834
272408884
272408958
272408982
272409048
272409088
272409146
272409196
272409228
272409248
272409303
272409390
272409437
272409491
272409549
272409599
272409617
272409655
272409697
272409733
272409787
272409817
272409855
272409899
272409929
272409959
272410011
272410041
272410079
272410101
272410119
272410151
272410177
272410220
272410255
272410287
272410319
272410351
272410383
272410415
272410447
272410479
272410510
272410543
272410575
272410607
272410636
272410686
272410728
272410784
272410834
272410922
272410948
272410998
272411036
272411086
272411128
272411176
272411222
272411300
272411362
272411402
272411440
272411518
272411526
272411596
272411666
272411736
272411814
272411880
272411904
272411978
272412028
272412052
272412126
272412216
272412258
272412314
272412364
272412406
272412462
272412496
272412552
272412594
272412644
272412701
272412725
272412776
272412801
272412839
272412890
272412925
272412948
272412993
272413025
272413062
272413107
272413139
272413173
272413202
272413233
272413282
272413317
272413348
272413403
272413438
272413460
272413504
272413543
272413599
272413624
272413657
272413687
272413700
272413733
272413787
272413817
272413850
272413873
272413923
272413953
272413989
272414020
272414075
272414087
272414141
272414187
272414228
272414285
272414313
272414336
272414394
272414431
272414448
272414472
272414504
272414543
272414574
272414619
272414653
272414677
272414724
272414771
272414824
272414864
272414926
272414957
272414985
272415022
272415041
272415099
272415130
272415155
272415211
272415249
272415286
272415340
272415394
272415430
272415482
272415519
272415538
272415574
272415604
272415629
272415660
272415680
272415716
272415774
272415804
272415828
272415894
272415938
272415974
272416030
272416079
272416123
272416163
272416235
272416267
272416301
272416327
272416374
272416403
272416434
272416465
272416545
272416582
272416613
272416643
272416673
272416728
272416757
272416786
272416840
272416870
272416912
272416974
272416996
272417046
272417100
272417146
272417172
272417218
272417272
272417322
272417344
272417406
272417414
272417481
272417532
272417576
272417619
272417679
272417714
272417765
272417809
272417860
272417979
272418030
272418074
272418125
272418160
272418220
272418263
272418313
272418353
272418425
272418457
272418497
272418601
272418641
272418745
272418785
272418827
272418848
272418911
272418963
272419038
272419093
272419152
272419247
272419306
272419361
272419436
272419515
272419558
272419645
272419704
272419742
272419766
272419796
272419826
272419841
272420053
272420026
272419976
272419877
272419935
272419961
272420179
272420135
272420340
272420314
272420227
272420269
272420358
272420384
272420423
272420449
272420504
272420534
272420588
272420638
272420660
272420706
272420764
272420810
272420832
272420868
272420934
272421016
272421082
272421148
272421214
272421264
272421330
272421396
272421462
272421524
272421588
272421652
272421716
272421780
272421844
272421908
272421972
272422036
272422100
272422174
272422216
272422266
272422272
272422322
272422380
272422410
272422436
272422486
272422574
272422616
272422672
272422722
272422780
272422810
272422836
272422886
272422913
272422985
272423025
272423057
272423129
272423201
272423273
272423345
272423417
272423426
272423503
272423540
272423576
272423621
272423702
272423763
272423852
272423913
272423994
272424039
272424075
272424112
272424189
272424193
272424270
272424350
272424388
272424490
272424528
272424614
272424684
272424754
272424824
272424832
272424910
272424948
272424985
272424997
272425025
272425059
272425104
272425138
272425169
272425214
272425229
272425257
272425289
272425323
272425332
272425369
272425402
272425413
272425441
272425490
272425528
272425560
272425593
272425629
272425657
272425671
272425709
272425716
272425743
272425770
272425783
272425817
272425827
272425844
272425868
272425899
272425912
272425922
272425965
272425988
272426017
272426059
272426071
272426105
272426121
272426142
272426145
272426166
272426207
272426239
272426271
272426284
272426289
272426311
272426325
272426363
272426369
272426410
272426419
272426436
272426477
272426486
272426510
272426519
272426557
272426561
272426603
272426622
272426648
272426659
272426698
272426707
272426747
272426753
272426793
272426800
272426840
272426850
272426869
272426904
272426925
272426930
272426944
272426965
272427002
272427013
272427026
272427055
272427096
272427218
272427248
272427248
272427248
272427248
272427248
272427259
272427344
272427384
272427394
272427415
272427497
272427506
272427602
272427668
272427675
272427768
272427792
272427868
272427876
272427881
272427893
272427909
272427985
272428035
272428035
272428043
272428062
272428074
272428081
272428091
272428091
272428091
272428114
272428189
272428216
272428236
272428243
272428251
272428251
272428259
272428259
272428267
272428275
272428275
272428283
272428360
272428306
272428402
272428532
272428600
272428701
272428731
272428743
272428781
272428819
272428857
272428864
272428911
272428918
272428941
272428975
272429001
272429035
272429045
272429102
272429302
272429279
272429217
272429128
272429166
272429192
272429330
272429381
272429476
272429551
272429575
272429646
272429681
272429713
272429784
272429859
272429930
272430013
272430052
272430080
272430159
272430198
272430216
272430240
272430297
272430336
272430399
272430422
272430471
272430524
272430569
272430618
272430640
272430696
272430734
272430780
272430828
272430890
272430942
272430983
272431030
272431076
272431133
272431143
272431172
272431179
272431189
272431205
272431221
272431233
272431252
272431269
272431287
272431301
272431313
272431330
272431348
272431393
272431409
272431448
272431468
272431472
272431496
272431496
272431496
272431496
272431523
272431583
272431605
272431673
272431673
272431673
272431692
272431692
272431730
272431754
272431785
272431816
272431839
272431841
272431882
272431892
272431927
272431957
272432020
272432053
272432084
272432134
272432187
272432222
272432240
272432266
272432302
272432333
272432354
272432402
272432438
272432469
272432536
272432568
272432606
272432637
272432681
272432705
272432761
272432787
272432818
272432850
272432880
272432901
272432954
272432989
272433015
272433037
272433058
272433090
272433120
272433155
272433175
272433213
272433234
272433273
272433288
272433304
272433327
272433329
272433345
272433364
272433400
272433445
272433501
272433517
272433664
272433706
272433720
272433841
272433841
272433894
272433926
272433926
272433984
272434034
272434053
272434117
272434117
272434277
272434341
272434354
272434354
272434354
272434426
272434445
272434487
272434521
272434542
272434555
272434605
272434637
272434640
272434683
272434691
272434718
272434726
272434726
272434729
272434753
272434782
272434787
272434807
272434857
272434846
272434816
272435062
272435066
272435051
272434998
272434881
272434970
272434998
272435006
272435075
272435075
272435104
272435103
272435104
272435103
272435174
272435210
272435217
272435246
272435258
272435268
272435273
272435307
272435319
272435323
272435332
272435343
272435372
272435382
272435385
272435395
272435416
272435425
272435469
272435479
272435482
272435500
272435513
272435550
272435570
272435613
272435621
272435626
272435651
272435672
272435692
272435696
272435726
272435739
272435746
272435775
272435790
272435797
272435810
272435826
272435851
272435861
272435898
272435905
272435933
272435933
272435955
272435998
272436002
272436039
272436042
272436074
272436094
272436099
272436124
272436124
272436124
272436128
272436157
272436161
272436183
272436213
272436216
272436229
272436232
272436244
272436275
272436296
272436319
272436333
272436339
272436352
272436381
272436397
272436397
272436397
272436397
272436410
272436428
272436428
272436428
272436428
272436437
272436450
272436480
272436516
272436534
272436534
272436564
272436575
272436601
272436608
272436619
272436644
272436651
272436683
272436683
272436695
272436716
272436766
272436779
272436786
272436815
272436816
272436845
272436876
272436889
272436908
272436933
272436936
272436967
272436983
272437063
272437101
272437114
272437132
272437148
272437283
272437321
272437421
272437526
272437587
272437657
272437715
272437843
272437899
272437913
272437935
272437963
272437971
272437988
272438042
272438063
272438076
272438081
272438102
272438117
272438201
272438229
272438232
272438232
272438232
272438232
272438232
272438232
272438232
272438232
272438232
272438232
272438232
272438232
272438232
272438232
272438246
272438262
272438262
272438335
272438364
272438364
272438364
272438364
272438364
272438389
272438435
272438435
272438435
272438485
272438534
272438537
272438620
272438645
272438656
272438674
272438674
272438713
272438713
272438713
272438713
272438723
272438731
272438731
272438739
272438739
272438747
272438747
272438747
272438723
272438765
272438765
272438780
272438848
272438867
272438882
272439045
272439057
272439086
272439110
272439163
272439189
272439241
272439267
272439306
272439317
272439323
272439367
272439367
272439371
272439383
272439383
272439399
272439399
272439410
272439410
272439468
272439428
272439676
272439501
272439528
272439546
272439593
272439606
272439635
272439710
272439730
272439775
272439806
272439865
272439933
272439943
272439978
272439991
272440024
272440045
272440053
272440064
272440107
272440126
272440140
272440146
272440191
272440217
272440233
272440264
272440275
272440314
272440358
272440380
272440386
272440386
272440386
272440395
272440401
272440438
272440463
272440490
272440546
272440607
272440627
272440680
272440704
272440767
272440826
272440876
272440914
272440967
272441051
272441085
272441091
272441159
272441239
272441239
272441242
272441294
272441351
272441391
272441412
272441419
272441424
272441445
272441459
272441459
272441500
272441522
272441561
272441575
272441625
272441615
272441633
272441633
272441654
272441671
272441680
272441713
272441754
272441768
272441804
272441783
272441764
272441808
272441825
272441856
272441856
272441856
272441856
272441867
272441876
272441885
272441885
272441939
272441967
272442016
272442081
272442110
272442117
272442153
272442160
272442170
272442189
272442206
272442223
272442233
272442257
272442299
272442316
272442325
272442355
272442373
272442407
272442441
272442453
272442486
272442521
272442553
272442565
272442565
272442598
272442624
272442624
272442635
272442635
272442635
272442635
272442644
272442693
272442704
272442704
272442734
272442734
272442753
272442753
272442780
272442788
272442799
272442824
272442872
272442890
272442897
272442936
272442948
272442965
272442965
272442996
272442996
272442996
272443003
272443003
272443009
272443028
272443099
272443144
272443219
272443262
272443328
272443399
272443426
272443464
272443520
272443731
272443768
272443805
272443835
272443852
272443907
272443946
272444135
272444232
272444247
272444284
272444332
272444340
272444383
272444473
272444506
272444527
272444746
272444759
272444799
272444819
272444857
272444866
272444943
272444970
272445091
272445148
272445159
272445305
272445322
272445342
272445452
272445461
272445464
272445474
272445492
272445503
272445505
272445534
272445547
272445564
272445589
272445592
272445602
272445631
272445659
272445671
272445683
272445683
272445699
272445741
272445751
272445754
272445772
272445782
272445785
272445795
272445816
272445861
272445889
272445918
272445942
272445945
272446038
272446067
272446122
272446172
272446198
272446220
272446230
272446233
272446243
272446308
272446344
272446344
272446352
272446381
272446385
272446385
272446385
272446385
272446385
272446414
272446416
272446427
272446445
272446455
272446458
272446485
272446488
272446500
272446539
272446558
272446560
272446571
272446616
272446624
272446653
272446671
272446672
272446701
272446708
272446738
272446752
272446772
272446785
272446807
272446837
272446840
272446851
272446872
272446895
272446898
272446927
272446940
272446949
272446962
272446989
272446989
272447004
272447013
272447026
272447058
272447078
272447078
272447078
272447078
272447078
272447111
272447114
272447143
272447171
272447196
272447209
272447226
272447251
272447272
272447295
272447295
272447295
272447295
272447312
272447323
272447329
272447390
272447403
272447417
272447424
272447453
272447478
272447481
272447496
272447496
272447496
272447522
272447549
272447549
272447562
272447562
272447562
272447599
272447607
272447663
272447665
272447712
272447731
272447731
272447731
272447758
272447767
272447831
272447865
272447898
272447985
272448024
272448161
272448161
272448205
272448218
272448227
272448246
272448278
272448308
272448321
272448426
272448567
272448570
272448766
272448865
272448894
272448928
272448957
272448965
272448965
272449068
272449081
272449157
272449160
272449170
272449188
272449199
272449201
272449302
272449315
272449351
272449354
272449372
272449382
272449385
272449412
272449425
272449462
272449465
272449475
272449496
272449523
272449540
272449623
272450252
272450416
272450824
272450873
272450951
272450986
272451007
272451013
272451018
272451018
272451031
272451042
272451069
272451096
272451117
272451126
272451143
272451152
272451206
272451215
272451220
272451229
272451235
272451266
272451327
272451341
272451349
272451353
272451361
272451389
272451397
272451401
272451420
272451426
272451435
272451440
272451449
272451456
272451485
272451488
272451505
272451523
272451549
272451557
272451561
272451569
272452028
272452069
272452365
272452404
272453037
272453114
272453643
272453664
272453684
272453726
272453731
272453744
272453761
272453761
272453799
272453837
272453861
272453921
272453930
272453951
272453965
272454010
272454052
272454121
272454134
272454253
272454284
272454284
272454302
272454342
272454346
272454394
272454432
272454450
272454479
272454489
272454534
272454537
272454566
272454596
272454607
272454607
272454607
272454607
272454659
272454680
272454732
272454745
272454833
272454848
272454867
272454922
272454988
272454996
272455000
272455014
272455029
272455126
272455166
272455166
272455166
272455229
272455238
272455249
272455346
272455385
272455502
272455529
272455550
272455616
272455649
272455669
272455707
272455715
272455728
272455773
272455784
272455797
272455803
272455813
272455856
272455876
272455876
272455876
272455885
272455885
272455891
272455891
272455911
272455912
272455925
272455925
272455925
272455925
272455925
272455925
272455925
272455925
272455925
272455925
272455925
272455934
272455943
272455945
272455958
272455958
272455966
272455973
272455981
272455988
272455996
272456003
272456016
272456027
272456027
272456027
272456027
272456027
272456047
272456047
272456051
272456075
272456097
272456097
272456175
272456191
272456204
272456204
272456204
272456204
272456223
272456223
272456223
272456223
272456223
272456229
272456235
272456328
272456349
272456352
272456394
272456413
272456419
272456436
272456436
272456445
272456459
272456468
272456476
272456455
272456510
272456515
272456532
272456570
272456594
272456648
272456676
272456712
272456759
272456770
272456770
272456806
272456809
272456821
272456887
272456887
272456887
272495738
272428524
272428639
272428417
272456891
272456899
272456916
272456927
272456934
272456934
272456934
272456944
272456944
272457038
272457075
272457112
272457156
272457209
272457218
272457234
272457280
272457345
272457364
272457407
272457410
272457429
272457464
272457476
272457509
272457526
272457540
272457577
272457598
272457607
272457607
272457623
272457623
272457638
272457655
272457655
272457683
272457709
272457709
272457723
272457733
272457762
272457795
272457835
272457849
272457866
272457902
272457906
272457945
272457979
272458012
272458016
272458038
272458079
272458083
272458138
272458150
272458179
272458217
272458230
272458258
272458300
272458333
272458367
272458394
272458406
272458434
272458479
272458482
272458521
272458528
272458574
272458581
272458611
272458624
272458645
272458681
272458702
272458708
272458739
272458779
272458798
272458800
272458843
272458863
272458876
272458881
272458927
272458929
272458948
272458990
272458993
272459022
272459051
272459057
272459102
272459108
272459151
272459164
272459170
272459190
272459227
272459232
272459271
272459299
272459343
272459348
272459385
272459399
272459433
272459442
272459487
272459514
272459532
272459543
272459579
272459585
272459626
272459635
272459660
272459684
272459684
272459708
272459708
272459741
272459741
272459744
272459754
272459754
272459754
272459754
272459768
272459777
272459823
272459829
272459868
272459899
272459905
272459951
272459958
272459997
272460027
272460037
272460074
272460086
272460113
272460155
272460174
272460178
272460198
272460234
272460254
272460259
272460272
272460300
272460310
272460338
272460383
272460390
272460426
272460433
272460474
272460495
272460497
272460539
272460550
272460603
272460615
272460654
272460678
272460711
272460751
272460756
272460796
272460829
272460861
272460888
272460923
272460959
272460976
272461016
272461025
272461056
272461101
272461109
272461142
272461183
272461210
272461224
272461258
272461270
272461304
272461325
272461352
272461364
272461394
272461432
272461440
272461484
272461506
272461538
272461611
272461635
272461671
272461699
272461714
272461755
272461768
272461785
272461807
272461815
272461829
272461868
272461879
272461915
272461929
272462013
272462068
272462068
272462068
272462075
272462510
272462703
272463137
272463208
272463640
272463827
272463892
272463977
272464002
272464070
272464085
272464085
272464114
272464184
272464222
272464541
272464541
272464690
272464756
272464795
272464849
272464888
272464888
272464942
272464949
272465037
272465045
272465045
272465118
272465124
272465196
272465314
272465355
272465412
272465479
272465512
272465660
272465753
272465760
272465819
272465835
272465863
272465918
272465953
272466015
272466038
272466100
272466118
272466167
272466192
272466284
272466306
272466306
272466306
272466306
272466306
272466306
272466306
272466344
272466344
272466344
272466344
272466344
272466344
272466344
272466383
272466383
272466383
272466383
272466383
272466383
272466383
272466445
272466445
272466445
272466445
272466445
272466473
272466473
272466473
272466473
272466473
272466480
272466480
272466480
272466514
272466514
272466514
272466514
272466514
272466514
272466514
272466514
272466553
272466553
272466553
272466553
272466553
272466553
272466553
272466568
272466576
272466576
272466576
272466623
272466623
272466623
272466649
272466649
272466649
272466662
272466662
272466662
272466662
272466662
272466760
272466769
272466790
272466790
272466790
272466790
272466790
272466790
272466790
272466790
272466798
272466798
272466798
272466798
272466798
272466828
272466847
272466861
272466876
272466882
272466896
272466915
272466969
272466978
272466996
272467012
272467048
272467070
272467072
272467093
272467111
272467124
272467161
272467182
272467191
272467207
272467216
272467232
272467254
272467268
272467304
272467325
272467338
272467358
272467372
272467378
272467398
272467414
272467428
272467446
272467460
272467499
272467512
272467532
272467537
272467558
272467588
272467618
272467656
272467676
272467682
272467702
272467715
272467728
272467751
272467764
272467802
272467835
272467870
272467876
272467917
272467926
272467960
272467995
272468012
272468018
272468059
272468078
272468084
272468084
272468125
272468125
272468151
272468151
272468151
272468194
272468208
272468228
272468252
272468252
272468269
272468269
272468329
272468372
272468388
272468406
272468406
272468419
272468455
272468507
272468569
272468583
272468622
272468641
272468678
272468705
272468817
272468817
272468826
272468882
272468898
272468915
272468965
272469077
272469106
272469247
272469405
272469437
272469519
272469534
272469598
272469604
272469604
272469604
272469612
272469636
272469643
272469652
272469652
272469652
272469652
272469652
272469652
272469652
272469652
272469652
272469652
272469652
272469652
272469652
272469652
272469705
272469705
272469705
272469705
272469705
272469705
272469705
272469705
272469705
272469705
272469705
272469705
272469705
272469705
272469719
272469752
272469768
272469790
272469804
272469810
272469836
272469853
272469864
272469880
272469913
272469921
272469937
272469964
272469968
272469985
272470021
272470058
272470079
272470092
272470098
272470112
272470134
272470173
272470180
272470217
272470238
272470243
272470256
272470285
272470294
272470334
272470343
272470383
272470390
272470427
272470435
272470452
272470492
272470501
272470536
272470544
272470585
272470593
272470634
272470642
272470663
272470702
272470710
272470751
272470759
272470790
272470828
272470858
272470865
272470904
272470942
272470951
272470991
272470992
272471032
272471055
272471062
272471101
272471109
272471150
272471158
272471186
272471231
272471236
272471264
272471311
272471313
272471334
272471363
272471400
272471413
272471440
272471473
272471494
272471509
272471525
272471554
272471590
272471620
272471661
272471669
272471689
272471702
272471729
272471772
272471805
272471821
272471829
272471869
272471877
272471917
272471938
272471977
272471984
272472031
272472038
272472091
272472111
272472112
272472132
272472174
272472176
272472192
272472234
272472240
272472282
272472303
272472309
272472342
272472369
272472412
272472447
272472462
272472468
272472502
272472534
272472566
272472577
272472617
272472624
272472664
272472678
272472708
272472724
272472766
272472771
272472789
272472826
272472857
272472878
272472884
272472915
272472928
272472951
272472975
272472989
272472996
272473038
272473043
272473058
272473079
272473100
272473104
272473138
272473176
272473211
272473230
272473259
272473278
272473306
272473318
272473359
272473362
272473381
272473423
272473426
272473444
272473497
272473504
272473544
272473576
272473610
272473617
272473637
272473667
272473686
272473724
272473729
272473775
272473778
272473797
272473826
272473880
272473903
272473917
272473949
272473979
272473988
272474026
272474040
272474062
272474076
272474081
272474100
272479505
272479505
272479550
272479522
272479550
272479522
272479571
272479571
272479592
272479592
272479592
272479592
272479592
272479657
272479618
272479840
272479657
272479618
272479840
272479664
272479664
272479710
272479710
272479744
272479785
272479785
272479794
272479794
272479832
272479832
272479885
272479890
272479931
272479944
272479967
272479976
272479992
272480013
272480013
272480022
272480022
272480048
272480048
272480091
272480091
272480120
272480155
272480164
272480201
272480234
272480249
272484380
272484380
272484413
272484413
272484417
272484417
272484417
272484417
272484439
272484439
272484439
272484439
272484463
272484463
272484463
272484463
272484468
272484505
272484514
272484540
272484557
272484564
272484594
272484623
272484624
272484663
272484663
272484692
272484692
272484710
272484710
272484727
272484727
272484799
272484836
272484902
272484955
272484976
272485008
272485066
272485116
272485130
272485140
272485181
272485220
272485279
272485288
272485288
272485326
272485352
272490653
272490666
272490681
272490813
272490826
272490843
272490843
272491054
272491067
272491083
272491333
272491346
272491367
272491413
272491416
272491430
272491554
272491538
272491766
272491642
272491625
272491592
272491693
272491679
272491888
272491757
272491742
272491698
272491823
272491807
272492020
272491861
272491846
272491837
272491926
272491926
272491926
272491909
272492027
272492027
272492010
272491971
272492057
272492278
272492082
272492078
272492155
272492155
272492127
272491926
272492187
272492401
272492208
272492206
272492259
272492250
272492297
272492297
272492297
272492536
272492306
272492346
272492306
272492373
272492364
272492425
272496763
272492462
272492446
272492511
272492511
272492511
272492493
272492297
272492550
272492562
272492562
272492582
272492604
272492604
272492615
272492636
272492636
272492653
272492653
272492656
272492684
272492684
272492712
272492734
272492734
272492736
272492764
272492764
272492775
272492796
272492796
272492820
272492820
272492831
272492861
272492872
272492872
272492881
272492881
272492908
272492908
272492919
272492919
272492948
272492948
272492959
272492990
272493002
272493002
272493021
272493034
272493034
272493044
272493044
272493054
272493071
272493095
272493116
272493129
272493140
272493172
272493177
272493177
272493198
272493198
272493198
272493198
272493198
272493198
272493198
272493198
272493198
272493198
272493198
272493198
272493198
272493198
272493198
272493198
272493198
272493198
272493225
272493260
272493304
272493326
272493351
272493354
272493367
272493367
272493367
272493367
272493367
272493404
272493435
272493710
272493723
272493778
272493807
272493821
272493821
272493821
272493968
272493979
272493991
272494084
272494095
272494126
272494204
272494417
272494446
272494451
272494604
272494621
272494621
272494621
272494621
272494630
272494640
272494640
272494640
272494640
272494680
272494688
272494728
272494739
272494758
272494795
272494808
272494825
272494843
272494843
272494843
272494843
272494843
272494843
272494843
272494848
272494868
272494868
272494904
272494927
272494942
272494951
272494986
272494997
272495014
272495053
272495060
272495102
272495116
272495144
272495154
272495154
272495172
272495203
272495247
272495261
272495266
272495266
272495302
272495318
272495328
272495328
272495328
272495363
272495389
272495444
272495450
272495468
272495468
272495494
272495507
272495521
272495521
272495521
272495521
272495521
272495521
272495529
272495540
272495550
272495564
272495564
272495564
272495564
272495564
272495568
272495644
272495663
272495678
272495686
272495690
272495710
272495715
272495715
272495715
272495715
272495715
272495715
272495715
272495715
272495715
272495715
272495715
272495715
272495715
272495715
272495715
272495715
272495723
272495730
272495730
272495738
272495738
272495754
272495804
272495855
272495865
272495905
272495949
272495966
272495983
272495992
272496015
272496077
272496083
272496108
272496200
272496200
272496314
272496314
272496370
272496370
272496397
272496413
272496419
272496419
272496419
272496419
272496438
272496438
272496453
272496494
272496537
272496544
272496562
272496562
272496562
272496562
272496562
272496562
272496562
272433530
272433517
272496562
272437340
272496562
272437344
272496562
272455867
272455851
272496562
272455867
272455851
272496562
272493116
272496562
272493129
272496577
272496600
272496600
272496600
272496616
272496655
272496890
272496679
272496659
272496725
272496718
272496771
272496789
272496789
272496789
272496789
272496827
272496789
272496853
272496839
272496900
272496900
272496900
272496900
272496907
272496929
272496947
272496947
272496966
272497001
272497022
272497030
272497067
272497080
272497102
272497109
272497127
272497127
272497127
272497127
272497127
272497127
272497127
272497163
272497163
272497163
272497163
272497163
272497181
272497185
272497228
272497238
272497278
272497305
272497324
272497335
272497370
272497377
272497419
272497419
272497419
272497419
272497426
272497452
272497452
272497462
272497496
272497509
272497526
272497526
272497526
272497526
272497561
272497568
272497590
272497606
272497616
272497616
272497616
272497616
272497616
272497658
272497665
272497686
272497723
272497732
272497732
272497732
272497732
272497732
272497732
272497732
272497739
272497775
272497778
272497806
272497812
272497855
272497859
272497879
272497917
272497929
272497929
272497929
272497947
272497947
272497947
272497947
272497965
272497982
272497982
272497982
272497982
272497989
272498007
272498007
272498040
272498061
272498065
272498085
272498115
272498133
272498171
272498205
272498209
272498225
272498245
272498281
272498303
272498312
272498312
272498312
272498312
272498312
272498312
272498312
272498312
272498335
272498344
272498344
272498344
272498344
272498361
272498379
272498379
272498399
272498403
272498420
272498447
272498450
272498494
272498501
272498539
272498558
272498569
272498578
272498618
272498626
272498647
272498660
272621568
272621624
272621638
272621638
272621646
272621661
272621661
272621680
272621680
272621680
272621680
272623620
272623661
272623669
272623698
272623717
272623759
272623761
272623803
272623822
272623829
272623868
272623927
272623942
272623974
272624001
272624009
272624023
272624024
272624035
272624063
272624072
272624084
272624091
272624103
272624124
272624140
272624207
272624209
272624241
272624249
272624267
272624274
272624294
272624294
272624294
272624294
272624311
272624341
272624346
272624353
272624380
272624408
272624428
272624428
272624444
272624448
272624467
272624483
272624520
272624541
272624546
272624546
272624575
272624583
272624583
272624620
272624625
272624625
272624625
272624660
272624834
272624861
272624697
272624697
272624708
272624744
272624744
272624744
272624764
272624774
272624774
272624777
272624821
272624821
272624824
272624928
272624980
272624980
272624991
272625039
272625059
272625122
272625176
272625176
272625155
272625215
272625233
272625283
272625308
272625308
272625325
272625365
272625439
272625459
272625459
272625467
272625485
272625496
272625496
272625496
272625569
272625619